Unit is Amprere per meter (e-11)

#	Value 	X 	Y 	Z 	Time

1	5.039295	-0.7834127	-1.781459	-4.6483507	0:30:1:285
2	4.9818153	-0.7128902	-1.8427829	-4.5732293	0:30:1:362
3	4.9917064	-0.6960261	-1.8979743	-4.5640306	0:30:1:400
4	4.9125013	-0.61783814	-1.9684968	-4.4582467	0:30:1:449
5	4.804214	-0.54578257	-2.0390193	-4.3156686	0:30:1:499
6	4.8549943	-0.60404027	-2.0052912	-4.380059	0:30:1:534
7	4.924588	-0.6607649	-1.9638975	-4.4674454	0:30:1:567
8	4.9494405	-0.679162	-1.9746293	-4.4873757	0:30:1:601
9	4.932667	-0.679162	-1.9286363	-4.488909	0:30:1:649
10	4.906001	-0.6530994	-1.9194376	-4.4674454	0:30:1:684
11	4.869482	-0.60557336	-1.9378347	-4.4260516	0:30:1:717
12	4.8437486	-0.59024245	-1.940901	-4.398456	0:30:1:751
13	4.825307	-0.5473157	-1.9899602	-4.3616614	0:30:1:799
14	4.8475866	-0.56571287	-1.988427	-4.384658	0:30:1:834
15	4.828031	-0.55651426	-1.9669636	-4.373926	0:30:1:870
16	4.8681	-0.5979079	-1.9332356	-4.4275846	0:30:1:916
17	4.9499784	-0.7006254	-1.8749778	-4.527236	0:30:1:953
18	4.9134865	-0.67762893	-1.86118	-4.4965744	0:30:2:0
19	4.9313774	-0.7220888	-1.7860582	-4.5395007	0:30:2:35
20	4.935002	-0.74661833	-1.7584624	-4.5502324	0:30:2:68
21	4.9189787	-0.7512176	-1.7630618	-4.530302	0:30:2:101
22	4.9450817	-0.7021585	-1.8351172	-4.5379677	0:30:2:150
23	4.8762403	-0.6193713	-1.9608313	-4.421452	0:30:2:199
24	4.848024	-0.59330857	-2.0083573	-4.372393	0:30:2:236
25	4.8579655	-0.59024245	-2.0098903	-4.383125	0:30:2:270
26	4.847031	-0.6423677	-1.86118	-4.4291177	0:30:2:317
27	4.8120623	-0.62703675	-1.8519814	-4.396923	0:30:2:350
28	4.8645244	-0.6408346	-1.9209708	-4.422985	0:30:2:399
29	4.9225235	-0.6699635	-1.9485666	-4.4705114	0:30:2:434
30	4.9183035	-0.68376136	-1.8826433	-4.491975	0:30:2:468
31	4.947797	-0.7052247	-1.8412497	-4.5379677	0:30:2:501
32	4.9563313	-0.7052247	-1.8565806	-4.5410337	0:30:2:552
33	4.9641533	-0.709824	-1.8719118	-4.542567	0:30:2:599
34	4.86804	-0.6224375	-1.9393679	-4.421452	0:30:2:633
35	4.8283815	-0.5641797	-1.9792284	-4.367794	0:30:2:667
36	4.8041983	-0.5611136	-2.0052912	-4.329467	0:30:2:700
37	4.9059463	-0.66383106	-1.9439672	-4.45518	0:30:2:740
38	4.9607663	-0.72055566	-1.8811102	-4.533368	0:30:2:784
39	4.980716	-0.73128736	-1.8703786	-4.557898	0:30:2:818
40	4.999275	-0.7082909	-1.8949082	-4.571696	0:30:2:853
41	4.966183	-0.67302966	-1.9163715	-4.531835	0:30:2:902
42	4.931586	-0.66383106	-1.9347687	-4.4873757	0:30:2:951
43	4.8989406	-0.67302966	-1.8688455	-4.478177	0:30:3:1
44	4.8680654	-0.6607649	-1.8473821	-4.45518	0:30:3:34
45	4.9079366	-0.6898937	-1.8381835	-4.4981074	0:30:3:76
46	4.9093976	-0.646967	-1.9301693	-4.4674454	0:30:3:123
47	4.88618	-0.59330857	-1.9899602	-4.422985	0:30:3:158
48	4.9083734	-0.63930154	-1.9194376	-4.4720445	0:30:3:198
49	4.95859	-0.7236219	-1.8059886	-4.560964	0:30:3:241
50	4.9634237	-0.679162	-1.8627131	-4.5502324	0:30:3:278
51	4.970911	-0.6806952	-1.9041067	-4.5410337	0:30:3:328
52	4.9215	-0.6347022	-1.9577651	-4.4705114	0:30:3:371
53	4.902179	-0.59024245	-2.0298207	-4.422985	0:30:3:409
54	4.9249964	-0.65003324	-1.9684968	-4.4674454	0:30:3:442
55	4.957021	-0.679162	-1.8903089	-4.531835	0:30:3:487
56	4.9156375	-0.6071065	-1.9899602	-4.453647	0:30:3:524
57	4.8743553	-0.5641797	-2.0466847	-4.3877244	0:30:3:570
58	4.864001	-0.58411	-1.9960926	-4.396923	0:30:3:609
59	4.9243774	-0.6561656	-1.9332356	-4.481243	0:30:3:645
60	4.9800315	-0.7220888	-1.8795772	-4.554832	0:30:3:680
61	5.0112014	-0.7174895	-1.9117723	-4.5762954	0:30:3:726
62	5.0118036	-0.72975427	-1.9087061	-4.5762954	0:30:3:764
63	4.995362	-0.7496845	-1.8381835	-4.5839605	0:30:3:811
64	4.9722567	-0.7144233	-1.9025736	-4.5379677	0:30:3:860
65	4.9662166	-0.7144233	-1.9087061	-4.528769	0:30:3:909
66	4.961482	-0.74048597	-1.8826433	-4.530302	0:30:3:946
67	4.9753265	-0.76961476	-1.828985	-4.562497	0:30:3:980
68	4.9810753	-0.75734997	-1.845849	-4.5640306	0:30:4:26
69	4.9761505	-0.7558169	-1.8857095	-4.542567	0:30:4:61
70	4.9605737	-0.7634824	-1.8673124	-4.531835	0:30:4:108
71	4.973841	-0.74661833	-1.8795772	-4.5441003	0:30:4:146
72	4.983984	-0.7634824	-1.8473821	-4.5655637	0:30:4:196
73	4.964195	-0.75428385	-1.8657793	-4.5379677	0:30:4:243
74	4.9857116	-0.7496845	-1.8949082	-4.5502324	0:30:4:279
75	4.9889617	-0.7604162	-1.8657793	-4.5640306	0:30:4:325
76	4.9681177	-0.7588831	-1.878044	-4.5364347	0:30:4:361
77	4.953654	-0.74048597	-1.9455004	-4.4950414	0:30:4:407
78	4.922049	-0.7006254	-1.971563	-4.45518	0:30:4:443
79	4.920485	-0.69755924	-1.9194376	-4.476644	0:30:4:492
80	4.946658	-0.7481514	-1.8811102	-4.5134377	0:30:4:532
81	5.001316	-0.7834127	-1.878044	-4.5686297	0:30:4:574
82	5.0170956	-0.78187954	-1.9056398	-4.5747623	0:30:4:609
83	5.0188127	-0.76961476	-1.9041067	-4.5793614	0:30:4:645
84	5.0224614	-0.7834127	-1.9117723	-4.5778284	0:30:4:693
85	5.0115633	-0.7849458	-1.940901	-4.553299	0:30:4:728
86	4.963943	-0.7619493	-1.9025736	-4.5211034	0:30:4:774
87	4.995785	-0.7757471	-1.8627131	-4.570163	0:30:4:844
88	5.002154	-0.8094753	-1.8351172	-4.582427	0:30:4:894
89	4.9390388	-0.7144233	-1.9286363	-4.490442	0:30:4:935
90	4.8397627	-0.63930154	-1.9976256	-4.3616614	0:30:4:977
91	4.8307405	-0.62856984	-2.0420856	-4.332533	0:30:5:26
92	4.8909492	-0.69755924	-1.9608313	-4.4260516	0:30:5:64
93	4.9573245	-0.75275075	-1.9071729	-4.5134377	0:30:5:111
94	5.0098615	-0.77881336	-1.9025736	-4.5686297	0:30:5:148
95	5.002957	-0.7742141	-1.9301693	-4.5502324	0:30:5:198
96	4.976603	-0.75428385	-1.9455004	-4.5180373	0:30:5:247
97	4.959786	-0.7496845	-1.92557	-4.5088387	0:30:5:286
98	4.9236383	-0.74048597	-1.893375	-4.484309	0:30:5:325
99	4.9329925	-0.72055566	-1.9393679	-4.478177	0:30:5:359
100	5.0062375	-0.74048597	-1.9730961	-4.5410337	0:30:5:407
101	5.0067773	-0.7604162	-1.9455004	-4.5502324	0:30:5:445
102	4.9750338	-0.74048597	-1.9071729	-4.5349016	0:30:5:491
103	4.9555416	-0.68222827	-1.9853609	-4.488909	0:30:5:540
104	4.9801173	-0.70369166	-2.0114233	-4.501173	0:30:5:575
105	5.0247498	-0.7619493	-1.9730961	-4.557898	0:30:5:610
106	4.9935226	-0.7220888	-2.003758	-4.5165043	0:30:5:656
107	4.931969	-0.6592318	-2.0405524	-4.4413824	0:30:5:692
108	4.9306755	-0.68682754	-2.0282876	-4.4413824	0:30:5:728
109	4.9571834	-0.72515494	-1.9776953	-4.4873757	0:30:5:772
110	4.9139085	-0.66536415	-2.0482178	-4.4168534	0:30:5:823
111	4.940444	-0.7113571	-2.0098903	-4.4567137	0:30:5:860
112	4.982162	-0.7619493	-1.9531659	-4.5195704	0:30:5:909
113	4.990875	-0.7604162	-1.9546989	-4.528769	0:30:5:959
114	4.995151	-0.74661833	-1.9531659	-4.5364347	0:30:5:994
115	4.9228883	-0.7113571	-1.9347687	-4.4705114	0:30:6:41
116	4.884538	-0.7021585	-1.9500996	-4.422985	0:30:6:91
117	4.8861246	-0.6852944	-2.0144897	-4.398456	0:30:6:141
118	4.811806	-0.61783814	-2.0589495	-4.304937	0:30:6:175
119	4.7762465	-0.5979079	-2.0681481	-4.263543	0:30:6:209
120	4.9081693	-0.69295996	-1.9776953	-4.4383163	0:30:6:259
121	4.99462	-0.77881336	-1.9102391	-4.5486994	0:30:6:308
122	4.996355	-0.78034645	-1.8995074	-4.554832	0:30:6:343
123	4.980004	-0.7711479	-1.9225038	-4.528769	0:30:6:390
124	4.9383307	-0.7512176	-1.9163715	-4.488909	0:30:6:426
125	4.976766	-0.7757471	-1.8903089	-4.5379677	0:30:6:474
126	4.9810715	-0.7742141	-1.8949082	-4.5410337	0:30:6:512
127	5.007306	-0.75734997	-1.9516327	-4.5486994	0:30:6:558
128	4.9442863	-0.72975427	-1.9853609	-4.4689784	0:30:6:604
129	4.9326825	-0.7374197	-1.9638975	-4.464379	0:30:6:643
130	4.925073	-0.73588663	-1.9592981	-4.4582467	0:30:6:688
131	4.894504	-0.67762893	-1.986894	-4.421452	0:30:6:725
132	4.946742	-0.7113571	-1.9669636	-4.482776	0:30:6:764
133	5.028938	-0.80027676	-1.8811102	-4.594692	0:30:6:810
134	4.9894896	-0.7864788	-1.8335843	-4.5732293	0:30:6:846
135	4.977798	-0.7634824	-1.845849	-4.559431	0:30:6:891
136	5.015389	-0.7864788	-1.891842	-4.5778284	0:30:6:927
137	5.0160093	-0.7956774	-1.9117723	-4.5686297	0:30:6:977
138	4.9484124	-0.7512176	-1.8734448	-4.5180373	0:30:7:12
139	4.9318147	-0.76961476	-1.782992	-4.533368	0:30:7:62
140	4.933906	-0.772681	-1.8029222	-4.527236	0:30:7:97
141	4.9450502	-0.7665486	-1.8841765	-4.5073056	0:30:7:144
142	4.964756	-0.772681	-1.8857095	-4.527236	0:30:7:179
143	4.9869337	-0.7772803	-1.8795772	-4.553299	0:30:7:225
144	4.946106	-0.74201906	-1.9148384	-4.49964	0:30:7:260
145	4.8679037	-0.67149657	-1.9746293	-4.398456	0:30:7:308
146	4.950437	-0.72975427	-1.9271032	-4.501173	0:30:7:356
147	4.950057	-0.7604162	-1.8703786	-4.5195704	0:30:7:395
148	4.962674	-0.78034645	-1.8320512	-4.5456333	0:30:7:430
149	4.9932976	-0.75428385	-1.8872427	-4.560964	0:30:7:474
150	4.977935	-0.7374197	-1.8903089	-4.5456333	0:30:7:512
151	4.9743886	-0.7558169	-1.8473821	-4.556365	0:30:7:557
152	4.9705653	-0.7236219	-1.9056398	-4.533368	0:30:7:592
153	4.955167	-0.662298	-2.0083573	-4.481243	0:30:7:639
154	4.9359674	-0.68222827	-1.9746293	-4.4720445	0:30:7:675
155	4.970701	-0.726688	-1.9301693	-4.5226364	0:30:7:710
156	5.014851	-0.75428385	-1.9071729	-4.5762954	0:30:7:757
157	5.00548	-0.74048597	-1.9209708	-4.562497	0:30:7:794
158	4.9911594	-0.74355215	-1.9225038	-4.5456333	0:30:7:844
159	4.992129	-0.75734997	-1.9087061	-4.5502324	0:30:7:881
160	5.0177355	-0.7588831	-1.8795772	-4.5900927	0:30:7:926
161	4.999807	-0.726688	-1.9041067	-4.5655637	0:30:7:962
162	4.975434	-0.72975427	-1.9087061	-4.5364347	0:30:8:9
163	4.9848223	-0.74201906	-1.9102391	-4.5441003	0:30:8:47
164	4.9706516	-0.72975427	-1.9071729	-4.531835	0:30:8:95
165	4.9752965	-0.73282045	-1.9071729	-4.5364347	0:30:8:129
166	4.964448	-0.68682754	-1.9500996	-4.5134377	0:30:8:178
167	4.978314	-0.7006254	-1.9378347	-4.531835	0:30:8:212
168	5.0211897	-0.7512176	-1.891842	-4.5900927	0:30:8:258
169	5.0051384	-0.709824	-1.9638975	-4.5486994	0:30:8:309
170	4.98319	-0.69755924	-1.9761623	-4.5211034	0:30:8:345
171	4.9516764	-0.6960261	-1.8995074	-4.5195704	0:30:8:393
172	4.9766264	-0.709824	-1.940901	-4.527236	0:30:8:444
173	5.0018015	-0.7512176	-1.9071729	-4.562497	0:30:8:479
174	4.9543843	-0.6990923	-1.9378347	-4.5057726	0:30:8:526
175	4.953817	-0.694493	-1.9056398	-4.5195704	0:30:8:576
176	5.0020113	-0.74201906	-1.878044	-4.5762954	0:30:8:611
177	5.0122237	-0.72975427	-1.9317025	-4.5670967	0:30:8:645
178	4.9880786	-0.6914269	-1.9730961	-4.528769	0:30:8:692
179	5.001224	-0.6990923	-1.9577651	-4.5486994	0:30:8:726
180	5.00116	-0.7343536	-1.9010404	-4.5670967	0:30:8:762
181	4.9816055	-0.7128902	-1.9056398	-4.5471663	0:30:8:807
182	4.9687643	-0.694493	-1.9117723	-4.533368	0:30:8:845
183	4.9544296	-0.6898937	-1.8979743	-4.52417	0:30:8:893
184	4.9736395	-0.7006254	-1.8519814	-4.562497	0:30:8:927
185	4.9711185	-0.6990923	-1.8381835	-4.5655637	0:30:8:976
186	4.9894834	-0.74048597	-1.8335843	-4.580894	0:30:9:13
187	4.992909	-0.7558169	-1.828985	-4.5839605	0:30:9:60
188	4.998991	-0.726688	-1.9056398	-4.5640306	0:30:9:109
189	5.012496	-0.73128736	-1.9025736	-4.5793614	0:30:9:144
190	5.011307	-0.7619493	-1.8535146	-4.593159	0:30:9:199
191	5.0254374	-0.77881336	-1.8274518	-4.6161556	0:30:9:245
192	4.997698	-0.7282212	-1.8979743	-4.5655637	0:30:9:291
193	4.9573207	-0.7052247	-1.9071729	-4.5211034	0:30:9:325
194	4.9727116	-0.7374197	-1.8765109	-4.5456333	0:30:9:365
195	5.0022936	-0.7558169	-1.8657793	-4.5793614	0:30:9:409
196	4.9799485	-0.73282045	-1.8489152	-4.5655637	0:30:9:446
197	4.9863095	-0.7389528	-1.8673124	-4.5640306	0:30:9:497
198	4.955263	-0.7174895	-1.9117723	-4.5149713	0:30:9:542
199	4.9581017	-0.7174895	-1.8826433	-4.530302	0:30:9:576
200	4.9617405	-0.7113571	-1.86118	-4.5441003	0:30:9:627
201	4.9708247	-0.73128736	-1.8627131	-4.5502324	0:30:9:674
202	4.9532886	-0.68376136	-1.9117723	-4.5180373	0:30:9:708
203	4.9270687	-0.65003324	-1.956232	-4.475111	0:30:9:744
204	4.9819	-0.7082909	-1.9117723	-4.5456333	0:30:9:791
205	4.98222	-0.7220888	-1.8964412	-4.5502324	0:30:9:828
206	4.96898	-0.73282045	-1.8979743	-4.533368	0:30:9:873
207	4.958788	-0.7082909	-1.9025736	-4.52417	0:30:9:912
208	4.9841094	-0.72055566	-1.8872427	-4.556365	0:30:9:958
209	4.980435	-0.7052247	-1.9163715	-4.542567	0:30:9:994
210	4.986474	-0.7052247	-1.9102391	-4.5517654	0:30:10:29
211	4.9835587	-0.72055566	-1.8596468	-4.5670967	0:30:10:76
212	4.971952	-0.69755924	-1.893375	-4.5441003	0:30:10:110
213	4.9797716	-0.68376136	-1.9546989	-4.528769	0:30:10:157
214	4.9965634	-0.6914269	-1.9485666	-4.5486994	0:30:10:192
215	5.0111513	-0.7128902	-1.9424341	-4.5640306	0:30:10:230
216	5.012698	-0.7082909	-1.940901	-4.5670967	0:30:10:277
217	5.0018363	-0.6990923	-1.9378347	-4.557898	0:30:10:327
218	4.9738355	-0.68376136	-1.9179045	-4.5379677	0:30:10:362
219	4.9775786	-0.6960261	-1.8903089	-4.5517654	0:30:10:407
220	4.9628983	-0.694493	-1.878044	-4.5410337	0:30:10:446
221	4.9567604	-0.67302966	-1.9424341	-4.5103717	0:30:10:491
222	4.9575396	-0.66383106	-1.9792284	-4.4965744	0:30:10:531
223	4.9100513	-0.6362353	-1.9807615	-4.447515	0:30:10:575
224	4.8846703	-0.60250723	-1.986894	-4.421452	0:30:10:611
225	4.9134083	-0.6331692	-1.9378347	-4.4705114	0:30:10:646
226	4.9445753	-0.6454339	-1.956232	-4.4950414	0:30:10:688
227	4.958722	-0.6316361	-2.0098903	-4.488909	0:30:10:730
228	4.9267917	-0.6086396	-1.9930264	-4.464379	0:30:10:773
229	4.919381	-0.60097414	-1.9976256	-4.45518	0:30:10:812
230	4.9567547	-0.6699635	-1.9470334	-4.5088387	0:30:10:857
231	4.9664097	-0.679162	-1.9577651	-4.5134377	0:30:10:898
232	4.975234	-0.68376136	-1.9179045	-4.5395007	0:30:10:942
233	4.9648485	-0.679162	-1.8887757	-4.5410337	0:30:10:977
234	4.9674797	-0.6914269	-1.924037	-4.527236	0:30:11:12
235	4.9529824	-0.67609584	-1.9317025	-4.5103717	0:30:11:46
236	4.9722676	-0.6408346	-1.9853609	-4.5134377	0:30:11:92
237	4.9750137	-0.66383106	-1.9776953	-4.5165043	0:30:11:129
238	4.9415116	-0.6852944	-1.9133053	-4.504239	0:30:11:172
239	4.9400387	-0.67762893	-1.9194376	-4.501173	0:30:11:210
240	4.9832344	-0.694493	-1.9455004	-4.5349016	0:30:11:247
241	5.0095806	-0.7159564	-1.9516327	-4.557898	0:30:11:293
242	5.007728	-0.7159564	-1.9179045	-4.570163	0:30:11:330
243	5.017259	-0.7174895	-1.8795772	-4.5962253	0:30:11:376
244	4.9892673	-0.7052247	-1.891842	-4.562497	0:30:11:412
245	4.921066	-0.6684304	-1.9025736	-4.488909	0:30:11:458
246	4.9508634	-0.7021585	-1.9133053	-4.5119047	0:30:11:496
247	4.9728594	-0.7282212	-1.9025736	-4.5364347	0:30:11:530
248	4.9695673	-0.69755924	-1.9163715	-4.531835	0:30:11:574
249	5.009638	-0.726688	-1.9225038	-4.5686297	0:30:11:611
250	5.0304947	-0.75275075	-1.9010404	-4.5962253	0:30:11:648
251	4.97743	-0.72515494	-1.8826433	-4.5502324	0:30:11:692
252	4.9840307	-0.73588663	-1.8811102	-4.556365	0:30:11:731
253	4.989187	-0.7282212	-1.8903089	-4.559431	0:30:11:775
254	4.89373	-0.61783814	-1.9976256	-4.424518	0:30:11:823
255	4.8409944	-0.56571287	-2.0650818	-4.341731	0:30:11:858
256	4.824267	-0.57031214	-2.0696812	-4.320268	0:30:11:906
257	4.909387	-0.66383106	-1.97003	-4.447515	0:30:11:943
258	4.9529448	-0.72055566	-1.8826433	-4.52417	0:30:11:978
259	4.9797406	-0.73588663	-1.8734448	-4.554832	0:30:12:24
260	5.0239444	-0.75734997	-1.9041067	-4.5870266	0:30:12:65
261	5.0365324	-0.79107815	-1.8903089	-4.6008244	0:30:12:107
262	4.969317	-0.7343536	-1.8872427	-4.5379677	0:30:12:145
263	4.9762044	-0.7190226	-1.878044	-4.5517654	0:30:12:192
264	4.9829445	-0.7190226	-1.8995074	-4.5502324	0:30:12:227
265	4.973961	-0.7190226	-1.8979743	-4.5410337	0:30:12:263
266	4.973003	-0.7236219	-1.8826433	-4.5456333	0:30:12:308
267	4.981998	-0.72055566	-1.8964412	-4.5502324	0:30:12:345
268	4.9862504	-0.7052247	-1.9133053	-4.5502324	0:30:12:392
269	4.979141	-0.7006254	-1.92557	-4.5379677	0:30:12:428
270	4.98949	-0.7159564	-1.9286363	-4.5456333	0:30:12:475
271	4.9680815	-0.7006254	-1.9041067	-4.5349016	0:30:12:523
272	4.9992027	-0.7067578	-1.9209708	-4.560964	0:30:12:561
273	5.0351787	-0.7174895	-1.9378347	-4.5916257	0:30:12:609
274	4.971356	-0.6914269	-1.9087061	-4.5379677	0:30:12:658
275	4.9728565	-0.68836063	-1.9209708	-4.5349016	0:30:12:693
276	5.031984	-0.7220888	-1.9531659	-4.580894	0:30:12:743
277	5.0043664	-0.70369166	-1.9209708	-4.5670967	0:30:12:778
278	4.951492	-0.67609584	-1.9025736	-4.5211034	0:30:12:826
279	4.977009	-0.68376136	-1.9225038	-4.5395007	0:30:12:861
280	4.979875	-0.6699635	-1.9455004	-4.5349016	0:30:12:908
281	4.9772	-0.68836063	-1.9393679	-4.531835	0:30:12:946
282	5.001269	-0.72055566	-1.891842	-4.5732293	0:30:12:981
283	4.9935226	-0.7113571	-1.893375	-4.5655637	0:30:13:27
284	4.9752417	-0.68222827	-1.9148384	-4.5410337	0:30:13:76
285	4.9865313	-0.68222827	-1.9041067	-4.557898	0:30:13:125
286	5.016684	-0.7082909	-1.8964412	-4.5900927	0:30:13:164
287	5.018159	-0.7128902	-1.8949082	-4.5916257	0:30:13:208
288	4.973212	-0.68222827	-1.8949082	-4.5471663	0:30:13:245
289	4.9741077	-0.67762893	-1.9025736	-4.5456333	0:30:13:293
290	5.0044036	-0.66689724	-1.9485666	-4.560964	0:30:13:328
291	5.0145884	-0.6607649	-1.9730961	-4.562497	0:30:13:362
292	4.9501743	-0.6408346	-1.9822947	-4.490442	0:30:13:406
293	4.938304	-0.6454339	-1.9684968	-4.482776	0:30:13:448
294	4.982812	-0.6898937	-1.9317025	-4.5410337	0:30:13:492
295	4.9628596	-0.6852944	-1.9179045	-4.525703	0:30:13:529
296	4.963389	-0.694493	-1.9087061	-4.528769	0:30:13:576
297	4.983039	-0.68376136	-1.9163715	-4.5486994	0:30:13:612
298	5.00756	-0.6852944	-1.9286363	-4.570163	0:30:13:658
299	4.9779525	-0.66689724	-1.97003	-4.5226364	0:30:13:695
300	4.9855075	-0.67609584	-1.9577651	-4.5349016	0:30:13:741
301	4.9920034	-0.68836063	-1.9271032	-4.553299	0:30:13:778
302	4.9799404	-0.67762893	-1.9286363	-4.5410337	0:30:13:826
303	4.9729514	-0.67762893	-1.9286363	-4.533368	0:30:13:874
304	4.9756017	-0.7052247	-1.8964412	-4.5456333	0:30:13:911
305	4.9116063	-0.6347022	-1.9363017	-4.4689784	0:30:13:954
306	4.8968635	-0.599441	-1.9455004	-4.453647	0:30:13:994
307	4.989062	-0.7021585	-1.8550476	-4.5778284	0:30:14:41
308	4.973402	-0.69295996	-1.8504484	-4.5640306	0:30:14:79
309	4.961951	-0.7052247	-1.8565806	-4.5471663	0:30:14:126
310	4.976238	-0.726688	-1.8489152	-4.562497	0:30:14:162
311	4.958201	-0.694493	-1.8581138	-4.5441003	0:30:14:207
312	4.9476614	-0.6898937	-1.8504484	-4.5364347	0:30:14:244
313	4.9684987	-0.694493	-1.8366504	-4.5640306	0:30:14:279
314	4.9832506	-0.7067578	-1.8565806	-4.570163	0:30:14:324
315	4.9734488	-0.7174895	-1.8335843	-4.5670967	0:30:14:361
316	4.9565563	-0.6852944	-1.845849	-4.5486994	0:30:14:408
317	4.9731674	-0.67762893	-1.8964412	-4.5471663	0:30:14:445
318	4.975009	-0.68836063	-1.8826433	-4.553299	0:30:14:494
319	5.012618	-0.69755924	-1.893375	-4.5885596	0:30:14:533
320	5.024116	-0.7067578	-1.8719118	-4.60849	0:30:14:578
321	4.97855	-0.7190226	-1.8581138	-4.562497	0:30:14:613
322	4.943497	-0.68682754	-1.8703786	-4.52417	0:30:14:660
323	4.9486847	-0.6684304	-1.8979743	-4.5211034	0:30:14:696
324	4.961176	-0.67762893	-1.8535146	-4.5517654	0:30:14:731
325	4.9525375	-0.6806952	-1.8443159	-4.5456333	0:30:14:772
326	4.9369755	-0.662298	-1.8841765	-4.5149713	0:30:14:810
327	4.960585	-0.68376136	-1.8795772	-4.5395007	0:30:14:844
328	4.981398	-0.7159564	-1.8366504	-4.5747623	0:30:14:879
329	4.9901423	-0.7021585	-1.8841765	-4.5670967	0:30:14:918
330	5.006867	-0.7082909	-1.8964412	-4.5793614	0:30:14:959
331	4.928187	-0.6239705	-1.9393679	-4.4873757	0:30:15:6
332	4.915205	-0.6193713	-1.92557	-4.47971	0:30:15:43
333	4.973989	-0.679162	-1.8795772	-4.554832	0:30:15:78
334	4.96897	-0.66383106	-1.8903089	-4.5471663	0:30:15:125
335	4.9790583	-0.6561656	-1.9301693	-4.542567	0:30:15:162
336	4.998456	-0.68222827	-1.8949082	-4.5747623	0:30:15:199
337	4.965878	-0.6806952	-1.8872427	-4.542567	0:30:15:242
338	4.951491	-0.646967	-1.9271032	-4.5149713	0:30:15:278
339	4.960361	-0.66536415	-1.9148384	-4.527236	0:30:15:315
340	4.9670897	-0.6990923	-1.8688455	-4.5486994	0:30:15:359
341	4.936822	-0.67302966	-1.9163715	-4.49964	0:30:15:395
342	4.854223	-0.5641797	-2.0282876	-4.373926	0:30:15:438
343	4.856174	-0.50745517	-2.1371374	-4.331	0:30:15:474
